0
0
0
0
0
0
0
0
0
0
0
0
0
0
0
0
0
0
0
0
0
0
0
0
0
0
0
0
0
0
0
0
0
0
0
0
0
0
0
0
0
0
0
0
0
0
0
0
0
0
0
0
0
0
0
0
0
0
0
0
0
0
0
0
0
0
0
0
0
0
0
0
0
0
0
0
0
0
0
0
0
0
0
0
0.0496153
0.118186
0.208757
0.27983
0.284328
0.197375
0.0366534
-0.142865
-0.280675
-0.340693
-0.319243
-0.236426
-0.125032
-0.0192134
0.0590757
0.105056
0.123703
0.121328
0.106275
0.0911778
0.0878336
0.102513
0.13557
0.179471
0.214319
0.213056
0.163095
0.0830083
0.0100515
-0.0299999
-0.0374959
-0.0283523
-0.0158704
-0.00244798
0.0110468
0.0114269
-0.019065
-0.0780403
-0.133368
-0.144767
-0.10283
-0.0474444
-0.0394787
-0.113999
-0.2545
-0.39614
-0.457136
-0.387407
-0.202767
0.0214574
0.194674
0.262501
0.23014
0.145501
0.0649573
0.0255947
0.0337744
0.0733481
0.121507
0.160958
0.183264
0.184383
0.162788
0.120587
0.0637494
0.00120585
-0.0588998
-0.115297
-0.176302
-0.251488
-0.332945
-0.384464
-0.361376
-0.249588
-0.081885
0.0865869
0.214867
0.289668
0.313582
0.289746
0.223517
0.133414
0.0489312
-0.00413987
-0.0204024
-0.0201484
-0.0309983
-0.0617697
-0.0966691
-0.111678
-0.0940207
-0.0501497
0.000748601
0.0392638
0.0530127
0.0412645
0.0156109
-0.00989157
-0.028706
-0.0450936
-0.0723275
-0.120234
-0.17835
-0.213137
-0.18698
-0.0872735
0.0597662
0.203008
0.29483
0.311989
0.259696
0.161418
0.0403413
-0.0921791
-0.228856
-0.348926
-0.415935
-0.400534
-0.305998
-0.170938
-0.0453668
0.0388838
0.0799664
0.0970615
0.110806
0.127085
0.133008
0.106135
0.0322545
-0.07819
-0.188925
-0.257589
-0.260259
-0.2025
-0.111516
-0.0181573
0.056068
0.103778
0.127999
0.132352
0.115331
0.0756957
0.0211733
-0.0309241
-0.0624452
-0.0665461
-0.0513718
-0.0344232
-0.0323915
-0.0489281
-0.0735807
-0.096416
-0.118552
-0.142871
-0.157018
-0.132865
-0.0503396
0.0762659
0.201495
0.279804
0.295993
0.271419
0.24187
0.225828
0.212673
0.178305
0.108261
0.006625
-0.11151
-0.228015
-0.32234
-0.371014
-0.353798
-0.264786
-0.116995
0.0633188
0.243138
0.387425
0.468603
0.475255
0.413897
0.304771
0.172749
0.0395876
-0.0771792
-0.16148
-0.200827
-0.195488
-0.16569
-0.140958
-0.135549
-0.139628
-0.135077
-0.115611
-0.0898025
-0.0697466
-0.0610095
-0.0561603
-0.0380616
0.0026908
0.052502
0.0817442
0.0720929
0.0371741
0.0104779
0.011217
0.0256635
0.0184706
-0.039732
-0.147664
-0.269405
-0.354283
-0.364871
-0.297531
-0.182372
-0.059539
0.0443691
0.12215
0.178614
0.22141
0.25855
0.297275
0.339477
0.379132
0.405082
0.4053
0.372554
0.312198
0.244726
0.196182
0.177331
0.171125
0.144579
0.0753828
-0.030184
-0.145839
-0.243639
-0.300344
-0.298525
-0.234058
-0.126248
-0.013818
0.0664952
0.0980014
0.0841225
0.0411617
-0.00341509
-0.0188217
0.0117574
0.0820497
0.165925
0.228406
0.239318
0.184509
0.0752907
-0.0528901
-0.162357
-0.237917
-0.288139
-0.325991
-0.351601
-0.35001
-0.305812
-0.22271
-0.126437
-0.0449126
0.0188847
0.0927367
0.208238
0.36813
0.534493
0.644337
0.646101
0.533622
0.351771
0.166417
0.0223268
-0.0750943
-0.146076
-0.213354
-0.285201
-0.343769
-0.351334
-0.27965
-0.136607
0.0341184
0.1825
0.284526
0.345982
0.381144
0.390954
0.359544
0.273122
0.142139
0.00514185
-0.0846745
-0.0713874
0.101865
0.495318
1.16941
2.16211
3.45332
4.93244
6.38108
7.49787
7.99213
7.71942
6.76453
5.39986
3.94996
2.665
1.67042
0.975001
0.508049
0.179345
-0.0634843
-0.216514
-0.24242
-0.113061
0.148743
0.450775
0.655845
0.643151
0.358697
-0.189101
-0.969112
-1.94657
-3.07458
-4.28633
-5.48721
-6.54081
-7.27387
-7.52451
-7.21686
-6.41074
-5.28718
-4.07876
-2.98353
-2.10568
-1.45165
-0.97502
-0.625393
-0.368015
-0.183681
-0.0646438
-0.00867453
-0.010285
-0.0540973
-0.115447
-0.166308
-0.18243
-0.145657
-0.0488323
0.0934207
0.242361
0.34828
0.372958
0.30473
0.158169
-0.0369265
-0.242996
-0.414391
-0.503069
-0.475399
-0.333727
-0.123893
0.0848832
0.233107
0.293387
0.270745
0.189045
0.0753566
-0.0456663
-0.147197
-0.200791
-0.188328
-0.118493
-0.0289312
0.033708
0.0401717
-0.00547488
-0.0677995
-0.0999811
-0.0728828
0.00613272
0.0993506
0.164882
0.181131
0.152179
0.0988164
0.0452449
0.00646681
-0.0164295
-0.02891
-0.0323566
-0.0216191
0.00608264
0.0452299
0.0844391
0.105228
0.0855626
0.0174675
-0.0765073
-0.151616
-0.172055
-0.13116
-0.0445913
0.0661885
0.17808
0.262343
0.288123
0.233302
0.0992925
-0.0818316
-0.257245
-0.37863
-0.424303
-0.39614
-0.305225
-0.168179
-0.0137529
0.113149
0.167625
0.136672
0.0531273
-0.0264466
-0.0584869
-0.0373314
0.00739749
0.0356918
0.0196676
-0.0450982
-0.133977
-0.200148
-0.196965
-0.102363
0.0657321
0.255334
0.404934
0.468014
0.429076
0.307588
0.150104
0.0125052
-0.0665423
-0.0873853
-0.0851621
-0.0983696
-0.136615
-0.171314
-0.156778
-0.0665173
0.0852422
0.248758
0.363779
0.388782
0.316029
0.16792
-0.0119194
-0.169141
-0.257628
-0.259228
-0.1908
-0.0928593
-0.00727716
0.0407395
0.0461407
0.0145298
-0.0477657
-0.133103
-0.225157
-0.297015
-0.320892
-0.282316
-0.185953
-0.0497918
0.103193
0.252129
0.381374
0.474119
0.503568
0.439676
0.272492
0.0303984
-0.225629
-0.428934
-0.534168
-0.531733
-0.446118
-0.317486
-0.175204
-0.023927
0.141286
0.308242
0.439465
0.486863
0.4195
0.246888
0.0204641
-0.190621
-0.332846
-0.386054
-0.357741
-0.265209
-0.130495
0.0141258
0.132065
0.194423
0.191778
0.139365
0.0667497
-0.00126752
-0.0544019
-0.086264
-0.0822616
-0.0233775
0.0907508
0.223013
0.31476
0.323434
0.248384
0.125662
0.00221992
-0.0880805
-0.132255
-0.130355
-0.0879863
-0.0166596
0.0604756
0.109305
0.100084
0.025952
-0.0936604
-0.227532
-0.347295
-0.432078
-0.468636
-0.451977
-0.382005
-0.258144
-0.0859151
0.10973
0.281782
0.380221
0.386074
0.32938
0.268701
0.244175
0.248694
0.244721
0.202302
0.12003
0.0159446
-0.0901061
-0.181759
-0.246688
-0.27813
-0.271684
-0.216945
-0.097792
0.0895884
0.316235
0.519671
0.632562
0.623312
0.512254
0.353119
0.199655
0.082433
0.00668691
-0.0361898
-0.0564566
-0.0594893
-0.0411328
0.00899318
0.092519
0.191102
0.273442
0.31686
0.319574
0.290016
0.233377
0.15518
0.0672521
-0.0217858
-0.114323
-0.212692
-0.304459
-0.366111
-0.383036
-0.359881
-0.311062
-0.250354
-0.187031
-0.123141
-0.0570686
0.00741165
0.059365
0.0925663
0.117339
0.157795
0.236779
0.355884
0.48223
0.556032
0.525708
0.392972
0.222097
0.0950595
0.0526133
0.0760435
0.118268
0.14529
0.153673
0.157335
0.159249
0.136455
0.0512916
-0.118691
-0.355326
-0.605018
-0.809405
-0.936259
-0.989598
-0.993763
-0.970112
-0.924495
-0.851234
-0.744555
-0.604567
-0.44032
-0.274402
-0.139972
-0.0589479
-0.0236489
-0.00558114
0.0247181
0.0875596
0.194576
0.345794
0.518518
0.666895
0.744049
0.729188
0.633473
0.485087
0.313576
0.145858
0.00775822
-0.0838858
-0.1346
-0.17078
-0.218327
-0.279342
-0.328821
-0.336634
-0.292868
-0.211374
-0.113113
-0.0111958
0.0864421
0.172445
0.24326
0.295137
0.31435
0.281494
0.191677
0.062204
-0.0788958
-0.204051
-0.28939
-0.317186
-0.287454
-0.221009
0
0
0
0
0
0
0
0
0
0
0
0
0
0
0
0
0
0
0
0
0
0
0
0
0
0
0
0
0
0
0
0
0
0
0
0
0
0
0
0
0
0
0
0
0
0
0
0
0
0
0
0
0
0
0
0
0
0
0
0
0
0
0
0
0
0
0
0
0
0
0
0
0
0
0
0
0
0
0
0
0
0
0
0
