7.5369
7.49692
7.49287
7.54756
7.6564
7.78668
7.90148
7.98661
8.05142
8.10925
8.15745
8.17796
8.15237
8.07449
7.95738
7.83172
7.72953
7.66878
7.65118
7.67051
7.7165
7.77542
7.83425
7.88872
7.94422
8.00536
8.06762
8.11988
8.15376
8.17036
8.17964
8.19496
8.2249
8.26948
8.31976
8.36363
8.39405
8.41563
8.44007
8.4769
8.5283
8.58877
8.64542
8.67869
8.6704
8.61656
8.53315
8.44885
8.39073
8.37237
8.38702
8.41279
8.42892
8.42968
8.42486
8.42537
8.42968
8.42414
8.3964
8.34626
8.28698
8.23502
8.19681
8.16515
8.12896
8.08408
8.03706
7.99715
7.96579
7.9366
7.90545
7.87868
7.87313
7.90162
7.95372
7.99386
7.98692
7.92705
7.84585
7.78855
7.78021
7.81344
7.86259
7.90582
7.93604
7.95644
7.972
7.98467
7.99052
7.98058
7.95384
7.92613
7.91766
7.93274
7.95751
7.97612
7.98189
7.97346
7.95049
7.91901
7.89508
7.89498
7.92103
7.95601
7.97393
7.95522
7.89514
7.8036
7.70333
7.62617
7.59985
7.63049
7.69549
7.75776
7.79117
7.79371
7.78572
7.7907
7.81263
7.82987
7.81328
7.75389
7.6754
7.62176
7.62607
7.69256
7.8023
7.93176
8.06746
8.20529
8.33872
8.45287
8.53024
8.55989
8.54303
8.48795
8.39781
8.26973
8.10758
7.93354
7.78172
7.67947
7.6315
7.62379
7.64164
7.68007
7.73979
7.81679
7.89952
7.97449
8.03157
8.06472
8.07318
8.06565
8.05743
8.0604
8.07733
8.10167
8.11782
8.10566
8.05617
7.98438
7.9205
7.88608
7.88027
7.88549
7.87922
7.84181
7.76522
7.66373
7.57487
7.54104
7.58276
7.686
7.81079
7.91376
7.96992
7.97883
7.95562
7.91799
7.87952
7.84664
7.81656
7.77792
7.71893
7.63901
7.55011
7.46878
7.4096
7.38645
7.41492
7.5031
7.63614
7.77355
7.86929
7.90072
7.8833
7.8572
7.85868
7.89742
7.95195
7.98217
7.95473
7.86262
7.72615
7.58036
7.45931
7.38647
7.37105
7.40494
7.46074
7.50125
7.50386
7.47675
7.45004
7.45184
7.4932
7.57391
7.69101
7.83787
7.99736
8.14244
8.24613
8.28821
8.25467
8.14056
7.9644
7.77893
7.65168
7.62673
7.69865
7.82409
7.95288
8.05037
8.10509
8.12375
8.12092
8.10854
8.091
8.06867
8.04586
8.03568
8.05353
8.10344
8.16961
8.22338
8.24167
8.22199
8.18401
8.15763
8.16491
8.20818
8.2704
8.32641
8.35835
8.36775
8.37551
8.40812
8.479
8.57678
8.6682
8.71645
8.70452
8.6452
8.56973
8.50601
8.46389
8.43602
8.40796
8.36786
8.31243
8.2501
8.19919
8.17644
8.18208
8.19396
8.18078
8.12405
8.03107
7.92773
7.83841
7.77592
7.74475
7.74836
7.78976
7.86792
7.97456
8.09828
8.23089
8.36827
8.50393
8.62727
8.72877
8.80924
8.87922
8.94858
9.01714
9.07674
9.11705
9.13058
9.1163
9.08281
9.04452
9.01301
8.99001
8.96603
8.92616
8.85652
8.75033
8.61194
8.4576
8.31092
8.19504
8.12612
8.10913
8.14027
8.21104
8.3119
8.43497
8.57345
8.71914
8.86044
8.9826
9.0719
9.12143
9.13753
9.13778
9.14259
9.16388
9.19987
9.23544
9.25115
9.23851
9.20583
9.16539
9.11784
9.0541
8.97248
8.8893
8.82683
8.79312
8.77713
8.7606
8.73359
8.70422
8.69192
8.70979
8.75261
8.80093
8.83602
8.8524
8.85929
8.87032
8.89225
8.92006
8.9399
8.93684
8.90515
8.85602
8.81518
8.8075
8.83951
8.89286
8.93807
8.95756
8.95524
8.94581
8.9349
8.91015
8.84943
8.74009
8.58972
8.42378
8.27562
8.17391
8.13308
8.14923
8.20161
8.26253
8.30978
8.33515
8.3464
8.36795
8.4345
8.57197
8.78845
9.07995
9.4831
10.1112
11.2191
13.176
16.4687
21.5573
28.7751
38.0837
48.971
60.4369
71.2734
80.438
87.3767
92.0741
94.9084
96.358
96.8428
96.6213
95.8842
94.7814
93.482
92.1325
90.8383
89.6487
88.5609
87.5504
86.5899
85.6701
84.8014
84.0328
83.4362
83.0724
82.9427
82.9875
83.1235
83.289
83.4637
83.672
83.9696
84.4067
84.9775
85.5949
86.1038
86.3424
86.1844
85.5674
84.4683
82.901
80.8751
78.3997
75.4027
71.7435
67.161
61.3677
54.1406
45.524
35.9551
26.2866
17.5358
10.5375
5.62559
2.63462
1.05655
0.35534
0.094864
0.0197259
0.00211891
0.00030387
0
0
0
0
0
0
0
0
0
0
0
0
0
0
0
0
0
0
0
0
0
0
0
0
0
0
0
0
0
0
0
0
0
0
0
0
0
0
0
0
0
0
0
0
0
0
0
0
0
0
0
0
0
0
0
0
0
0
0
0
0
0
0
0
0
0
0
0
0
0
0
0
0
0
0
0
0
0
0
0
0
0
0
0
0
0
0
0
0
0
0
0
0
0
0
0
0
0
0
0
0
0
0
0
0
0
0
0
0
0
0
0
0
0
0
0
0
0
0
0
0
0
0
0
0
0
0
0
0
0
0
0
0
0
0
0
0
0
0
0
0
0
0
0
0
0
0
0
0
0
0
0
0
0
0
0
0
0
0
0
0
0
0
0
0
0
0
0
0
0
0
0
0
0
0
0
0
0
0
0
0
0
0
0
0
0
0
0
0
0
0
0
0
0
0
